	[0.2,  2,   1.25],	50	259, 253
 	[0.2,  1.8, 1.15],	51	257, 260
        [0.2,  1.5, 1.2],	52	269, 264
        [0.1,  2,   1.15],	53	267, 284
        [0.1,  1.8, 1.2],	54	260, 268
        [0.1,  1.5, 1.25],	55	271, 265
        [0.05, 2,   1.2],	56	err, 264
        [0.05, 1.8, 1.25],	57	err, 270
        [0.05, 1.5, 1.15],	58	err, err

[0.05, 2,   1.2],		59	err
[0.05, 1.8, 1.25],		60	233
[0.05, 1.5, 1.15],		61	259
[0.05, 1.5, 1.15]		62	400


[0.05,2,1.2]	63	253
64	err
65	err

[0.1, 1.8, 1.25],	66 270
[0.2, 1.8, 1.25],	68 err
[0.05,2,1.15]		68 264