-258.68188000000004,10014,0,150,8,22,3,2,18,0.66,0.7040928501706094,0.6336835651535485,0.40182287275069906,0.20091143637534953,0.1,0.3,0,1.004549014863176,0.4973217939146269,2.35251765992428,5,11.03426500882414,0.7148758332698232,0.29899201046581775,0.4030933497547422,2.5037552144326347,3,7.8474295597668124,1.603806666443312,0.5037844006939842,0.4010015469188793,3.6946265593084693,5,18.462392261949823,2.078132065891851,0.49623458600241493,0.39695570392979085
-260.64203,10014,1,100,6,22,3,1,18,0.5,0.7062466947377646,0.6709343600008764,0.04955814098718676,0.04856697816744303,0.1,0.3,0.05,0.9962042273699454,0.6046567292252567,3.834047105946698,3,10.557235903599897,0.9549224294361617,0.49774811452981776,0.04967789494819757,5.11986460134788,1.5,8.765701194244661,0.9361866249903841,0.7967363216796606,0.010072155315199224,11.385805109337953,1.5,18.780221107674397,0.2380322783183126,0.5020061727598563,0.20107692017040035
-263.71193,10014,2,150,7,13,3,2,17,0.33,0.7036528971927974,0.6966163682208695,0.503338732891349,0.493271958233522,0.1,0.3,0,0.9937375156573548,0.6045818349055104,6.443422987531276,1.5,10.664896035891875,0.09018027950488999,0.5022916357087539,0.010001367473759902,1.4355517811999092,5,8.279722914861829,2.0661485000862543,0.3319091237580618,0.050416875326723024,5.2558019219713765,2,10.19712740467874,1.406133480863728,0.7983573057704921,0.1985532689224336
-263.44192,10014,3,150,4,18,3,0,16,0.66,0.6951049540047533,0.6881539044647057,0.20132240333523074,0.1610579226681846,0.1,0.3,0.1,0.7930124721292845,0.2005708855016063,9.908483920786766,5,43.70712036589809,6.254356924734047,0.29838309218602965,0.1993091479623842,1.5753707808847515,5,7.251259780904822,0.0873069159339447,0.010058355308485492,0.19991078984583172,9.620744113870106,2,21.168422477856595,1.0169349918366244,0.04977901090485554,0.2975404545531053
-260.74189,10014,4,100,5,31,3,2,14,0.33,0.3981221934306468,0.35830997408758214,0.32950773902054975,0.2636061912164398,0.1,0.3,0.05,0.9955986293277574,1.0060412352054124,1.9026152012524218,5,10.764840312759045,0.6515586539357003,0.30150989769719555,0.39671695002553475,3.145018568718656,3,9.072480223561014,0.908297541119433,0.6550473805350628,0.10074470961932297,12.759485510570222,2,27.887936486399568,1.7882331300851313,0.049651295344404926,0.049660630694141866
-261.21191,10014,5,100,8,13,3,0,15,0.33,0.6947041796215867,0.680810096029155,0.09965810180916013,0.08969229162824412,0.1,0.3,0.1,0.996752578802535,0.10031733225038567,6.5529046268122,1.5,9.520935328695327,1.3074443989521323,0.6583511662998669,0.4021132814298639,5.306417619367421,1.5,8.400078436999756,1.2280166355943973,0.010001109647858693,0.40307604472010666,9.611322057725038,3,28.774472015131504,1.1229821322011246,0.049639972875219186,0.4989662399816383
-259.76193,10014,6,100,4,13,3,2,18,0.33,0.5010720421304912,0.2505360210652456,0.1006666580612487,0.08053332644899897,0.1,0.3,0.1,0.4986276333093338,0.4976903798272326,0.8296197387089846,10,9.54351390335795,1.028191008617094,0.5026976299131469,0.10013502665334094,0.8244266084648888,10,8.110859898620527,1.6318847983955433,0.7994029894062042,0.20168996023422153,3.6611003052367272,3,9.645221419445685,0.7203673250979068,0.502689359251589,0.05012305553795692
[Errno 32] Broken pipe
0,10014,7
-256.67193000000003,10014,8,100,5,18,3,1,16,0.66,0.605387100029307,0.5751177450278416,0.04986556620856797,0.039892452966854376,0.1,0.3,0.05,0.5003470118553794,0.20137035142891097,2.2208436586891853,5,10.981391284852444,4.15142099874064,0.29918565733013114,0.40345427680228907,4.696650632930046,1.5,7.429388713792488,4.195998103602585,0.5024620434569923,0.10000598609038912,11.58688336529737,3,31.80306587691482,1.4305896270322997,0.8927031250511515,0.4003897666474037
-261.21193999999997,10014,9,150,5,31,3,2,15,0.66,0.7048009461715113,0.5638407569372091,0.20022665282558744,0.13214959086488773,0.1,0.3,0.05,0.8067978279795937,0.1988237612940701,3.285960059391638,3,10.854176410011663,1.829820226481114,0.29827166770574526,0.010060769701299453,1.307389796187902,5,7.306486157347288,3.6287228654554013,0.794271506029105,0.10003981671844303,18.11640178068992,1.5,27.54418283971188,0.23660515547744793,0.8056637528245814,0.3987705574945024
-262.04196,10014,10,100,4,31,3,2,15,0.66,0.39869099881780684,0.39470408882962876,0.3284227131863791,0.31200157752706015,0.1,0.3,0,0.500153400195196,0.20119999224010715,3.5320156069999276,3,9.782951710711563,1.694949398218706,0.3010062300722942,0.49637029896054496,4.850485243501083,2,8.818063908738159,6.734695945809257,0.4987046229924271,0.397119951951654,0.9641402340636651,10,10.23938602124847,0.2567895865415227,0.4987170613607222,0.5005164995549196
