triple 450 pop size: single
8cpu:
0.1	228
0.075	211 216 212 214
0.05 	211
0.04	205 196 203 199 (203) (207) (205)
0.03	208		(211)
16cpu:
1	149 145
0.1	132 133	(132)
0.075	122 132 140 126 129 (131)
0.05	119 (130)
0.04	122 123 124 133 137 (127)
0.03	131
32cpu
0.2	82 94 92 85 85 (88)
0.1 	79 81 79
0.075	79 81         (88)
0.05	82 80 79 79 80 (80)
0.04	   85 87 (83)

triple 450 pop size: double
16cpu:

0.1	224/230 (218)/(233)
0.03	221 (212)

32cpu:
0.2	132 130 129 140 139 (134)
0.1	(135)/(143)


350 : 62
450 : 80