1419679.3263676937
829730.9332916588
684243.9805635357
702410.5627331224
782841.0983414288
860087.0436189843
856548.2040938992
669309.347103795
815504.4837353331
836664.4600360609
826568.3335794475
660892.6561975864
667596.6108544708
752144.8611970714
668052.0693703429
677373.3416077229
654395.4594063626
635140.7740907972
633150.1653751219
670659.388944369
614315.9517883322
590921.5659241613
624135.6476133013
635456.1645441845
618047.8702471701
624796.5710764858
589491.2178556796
643960.786094603
584300.3880845362
556704.9994063777
