-15087.645140221772
-12395.321030777162
-8784.222563254674
-8841.929000869619
-8025.480668957402
-10218.45022728618
-9299.690252852579
-8210.863912141183
-11237.038100742127
-10880.038462567281
-9765.197495362867
-8222.748083565679
-8930.244729950677
-9360.92523560016
-7706.681654775627
-10090.579134602758
-8338.85186513883
-7675.07999710135
-8312.486175497299
-8346.957417689853
-6981.568270028776
-7077.358267734196
-7581.438044249521
-7234.4373820053315
-7620.66636005167
-8001.2907820107075
-7538.327178049484
-8517.479541389579
-6497.020545669149
-6224.9016078237455
